# SPDX-FileCopyrightText: © 2022 the i3astropy contributors
#
# SPDX-License-Identifier: BSD-2-Clause

1  45659.658656  50490.417167  9282.866868
2  46064.298082  50554.819845  9284.344892
3  46470.043162  50619.485538  9284.559562
4  46875.308773  50684.299913  9284.660808
5  47280.102370  50748.503128  9285.312961
6  47684.399524  50812.756328  9288.409056
7  45401.569061  50807.288501  9283.113778
8  45806.599027  50872.964328  9283.516253
9  46211.121743  50939.174990  9282.789389
10 46616.594239  51003.045178  9283.839557
11 47021.458861  51067.341982  9285.210805
12 47425.782506  51131.292680  9284.589951
13 47831.472389  51194.805866  9288.817078
14 45143.519477  51126.285617  9283.447499
15 45546.377024  51191.543145  9284.255000
16 45954.062778  51255.797845  9283.396581
17 46358.045769  51322.325963  9282.865522
18 46760.523069  51385.560616  9282.816419
19 47190.521223  51511.769084  9283.259315
20 47572.339667  51514.081632  9284.177930
21 47955.415946  51562.558190  9291.312588
22 44884.422819  51444.872148  9282.799250
23 45289.612014  51510.282102  9283.902087
24 45694.048724  51575.016559  9284.496053
25 46100.480151  51638.888801  9285.624135
26 46505.610679  51705.797081  9282.321056
27 46910.007113  51769.375059  9281.995676
28 47314.136668  51832.966184  9285.198373
29 47719.019060  51897.563959  9291.927944
30 48141.822366  52008.244940  9298.706010
31 44626.976541  51789.445562  9282.812084
32 45031.029455  51828.835149  9284.023950
33 45435.736188  51893.485532  9284.203445
34 45842.030265  51957.128088  9284.499608
35 46244.746271  52021.756179  9288.384500
36 46651.881936  52085.559218  9290.914892
37 47137.593339  52098.552521  9288.680515
38 47460.973989  52217.058733  9293.295802
39 47851.081258  52242.640225  9297.330061
40 48285.017023  52383.369113  9297.834872
41 44772.219722  52148.827255  9283.819344
42 45177.349541  52211.436649  9284.453460
43 45582.895096  52276.010139  9284.786885
44 45987.422509  52342.292066  9284.880231
45 46391.851221  52404.844101  9286.128832
46 46796.868835  52470.184556  9287.921738
47 47139.849547  52612.056351  9291.107519
48 47582.786501  52617.322745  9298.082315
49 48048.721807  52619.623736  9298.117970
50 48390.977250  52760.753564  9299.024360
51 44919.955113  52532.643373  9284.714854
52 45324.024078  52595.524756  9285.643005
53 45729.167980  52660.759074  9285.644986
54 46134.165122  52724.865387  9286.171563
55 46538.927272  52787.909852  9288.185765
56 46933.178079  52865.956190  9292.106291
57 47344.206308  52894.411057  9298.302623
58 47754.425026  52983.792632  9298.024139
59 48157.712602  53046.077863  9298.986751
60 45066.148605  52914.552077  9285.621380
61 45471.140436  52978.988750  9286.044449
62 45876.711280  53044.565805  9286.241218
63 46281.159877  53108.522375  9288.130345
64 46678.018992  53161.173074  9290.843188
65 47072.416300  53235.229446  9295.390518
66 47495.448184  53301.173881  9299.042797
67 47909.975929  53351.638713  9299.349867
68 45212.656577  53296.592483  9286.382159
69 45617.784322  53362.204813  9287.183980
70 46022.816873  53427.807054  9287.998166
71 46427.909399  53490.143954  9290.719725
72 46831.504720  53554.283491  9294.330590
73 47236.800395  53618.461015  9298.094597
74 47610.356154  53721.379854  9299.606138
75 45358.655272  53681.377263  9287.413262
76 45764.784190  53744.821976  9288.134131
77 46168.441807  53808.320766  9289.291938
78 46572.550059  53871.596995  9292.846370
79 46602.534271  51960.717835  9286.745063
80 46737.431425  51981.490791  9285.072349
81 46636.491814  52316.440035  9287.120694
82 46850.846180  52288.865631  9286.416480
83 46871.370773  52001.616872  9285.148895
84 46687.657467  51853.801335  9282.215714
85 46468.225730  51939.160171  9289.156900
86 46464.008173  52222.037486  9290.644150
